67,1,2.1,0,0,0,0,0,0,0,0,0,0,0,0
67,2,2.1,0,0,0,0,0,0,0,0,0,0,0,0
67,3,2.4,0,0,0,0,0,0,0,0,0,0,0,0
67,4,2.7,0,0,0,0,0,0,0,0,0,0,0,0
67,5,3.0,0,0,0,0,0,0,0,0,0,0,0,0
67,6,3.7,0,0,0,0,0,0,0,0,0,0,0,0
67,7,3.7,0,0,0,0,0,0,0,0,0,0,0,0
67,8,4.0,0,0,0,0,0,0,0,0,0,0,0,0
67,9,4.0,0,0,0,0,0,0,0,0,0,0,0,0
67,10,4.0,0,0,0,0,0,0,0,0,0,0,0,0
67,11,4.0,0,0,0,0,0,0,0,0,0,0,0,0
67,12,4.0,0,0,0,0,0,0,0,0,0,0,0,0
67,13,4.0,0,0,0,0,0,0,0,0,0,0,0,0
67,14,4.6,0,0,0,0,0,0,0,0,0,0,0,0
67,15,4.6,0,0,0,0,0,0,0,0,0,0,0,0
67,16,4.9,0,0,0,0,0,0,0,0,0,0,0,0
67,17,4.9,0,0,0,0,0,0,0,0,0,0,0,0
67,18,4.9,0,0,0,0,0,0,0,0,0,0,0,0
67,19,4.9,0,0,0,0,0,0,0,0,0,0,0,0
67,20,4.9,0,0,0,0,0,0,0,0,0,0,0,0
67,21,4.6,0,0,0,0,0,0,0,0,0,0,0,0
67,22,4.6,0,0,0,0,0,0,0,0,0,0,0,0
67,23,4.6,0,0,0,0,0,0,0,0,0,0,0,0
67,24,4.6,0,0,0,0,0,0,0,0,0,0,0,0
67,25,4.9,0,0,0,0,0,0,0,0,0,0,0,0
67,26,4.9,0,0,0,0,0,0,0,0,0,0,0,0
67,27,4.9,0,0,0,0,0,0,0,0,0,0,0,0
67,28,4.9,0,0,0,0,0,0,0,0,0,0,0,0
67,29,4.9,0,0,0,0,0,0,0,0,0,0,0,0
67,30,5.2,0,0,0,0,0,0,0,0,0,0,0,0
67,31,5.2,0,0,0,0,0,0,0,0,0,0,0,0
67,32,5.2,0,0,0,0,0,0,0,0,0,0,0,0
67,33,4.9,0,0,0,0,0,0,0,0,0,0,0,0
67,34,4.9,0,0,0,0,0,0,0,0,0,0,0,0
67,35,4.6,0,0,0,0,0,0,0,0,0,0,0,0
67,36,4.6,0,0,0,0,0,0,0,0,0,0,0,0
67,37,4.6,0,0,0,0,0,0,0,0,0,0,0,0
67,38,4.6,0,0,0,0,0,0,0,0,0,0,0,0
67,39,4.3,0,0,0,0,0,0,0,0,0,0,0,0
67,40,4.6,0,0,0,0,0,0,0,0,0,0,0,0
67,41,4.6,0,0,0,0,0,0,0,0,0,0,0,0
67,42,4.3,0,0,0,0,0,0,0,0,0,0,0,0
67,43,4.3,0,0,0,0,0,0,0,0,0,0,0,0
67,44,4.0,0,0,0,0,0,0,0,0,0,0,0,0
67,45,3.7,0,0,0,0,0,0,0,0,0,0,0,0
67,46,3.7,0,0,0,0,0,0,0,0,0,0,0,0
67,47,4.0,0,0,0,0,0,0,0,0,0,0,0,0
67,48,4.0,0,0,0,0,0,0,0,0,0,0,0,0
67,49,4.3,0,0,0,0,0,0,0,0,0,0,0,0
67,50,4.3,0,0,0,0,0,0,0,0,0,0,0,0
67,51,4.3,0,0,0,0,0,0,0,0,0,0,0,0
67,52,4.6,0,0,0,0,0,0,0,0,0,0,0,0
67,53,4.6,0,0,0,0,0,0,0,0,0,0,0,0
67,54,4.3,0,0,0,0,0,0,0,0,0,0,0,0
67,55,4.3,0,0,0,0,0,0,0,0,0,0,0,0
67,56,4.6,0,0,0,0,0,0,0,0,0,0,0,0
67,57,4.6,0,0,0,0,0,0,0,0,0,0,0,0
67,58,4.3,0,0,0,0,0,0,0,0,0,0,0,0
67,59,4.3,0,0,0,0,0,0,0,0,0,0,0,0
67,60,4.3,0,0,0,0,0,0,0,0,0,0,0,0
67,61,4.3,0,0,0,0,0,0,0,0,0,0,0,0
67,62,4.6,0,0,0,0,0,0,0,0,0,0,0,0
67,63,4.6,0,0,0,0,0,0,0,0,0,0,0,0
67,64,4.6,0,0,0,0,0,0,0,0,0,0,0,0
67,65,4.9,0,0,0,0,0,0,0,0,0,0,0,0
67,66,4.9,0,0,0,0,0,0,0,0,0,0,0,0
67,67,4.9,0,0,0,0,0,0,0,0,0,0,0,0
67,68,5.2,0,0,0,0,0,0,0,0,0,0,0,0
67,69,4.9,0,0,0,0,0,0,0,0,0,0,0,0
67,70,4.9,0,0,0,0,0,0,0,0,0,0,0,0
67,71,4.9,0,0,0,0,0,0,0,0,0,0,0,0
67,72,4.6,0,0,0,0,0,0,0,0,0,0,0,0
67,73,4.6,0,0,0,0,0,0,0,0,0,0,0,0
67,74,4.6,0,0,0,0,0,0,0,0,0,0,0,0
67,75,4.6,0,0,0,0,0,0,0,0,0,0,0,0
67,76,4.9,0,0,0,0,0,0,0,0,0,0,0,0
67,77,4.9,0,0,0,0,0,0,0,0,0,0,0,0
67,78,4.6,0,0,0,0,0,0,0,0,0,0,0,0
67,79,4.0,0,0,0,0,0,0,0,0,0,0,0,0
67,80,4.3,0,0,0,0,0,0,0,0,0,0,0,0
67,81,4.3,0,0,0,0,0,0,0,0,0,0,0,0
67,82,4.3,0,0,0,0,0,0,0,0,0,0,0,0
67,83,4.3,0,0,0,0,0,1,0,0,0,0,0,0
67,84,4.3,0,0,0,0,0,1,0,0,0,0,0,0
67,85,4.3,0,0,0,0,0,0,0,0,0,0,0,0
67,86,4.3,0,0,0,0,0,0,0,0,0,0,0,0
67,87,4.6,0,0,0,0,0,0,0,0,0,0,0,0
67,88,4.6,0,0,0,0,0,0,0,0,0,0,0,0
67,89,4.6,0,0,0,0,0,0,0,0,0,0,0,0
67,90,4.3,0,0,0,0,0,0,0,0,0,0,0,0
67,91,4.0,0,0,0,0,0,0,0,0,0,0,0,0
67,92,3.7,0,0,0,0,0,0,0,0,0,0,0,0
67,93,3.7,0,0,0,0,0,0,0,0,0,0,0,0
67,94,3.7,0,0,0,0,0,0,0,0,0,0,0,0
67,95,4.0,0,0,0,0,0,0,0,0,0,0,0,0
67,96,4.3,0,0,0,0,0,0,0,0,0,0,0,0
67,97,4.3,0,0,0,0,0,0,0,0,0,0,0,0
67,98,4.3,0,0,0,0,0,0,0,0,0,0,0,0
67,99,4.3,0,0,0,0,0,0,0,0,0,0,0,0
67,100,4.6,0,0,0,0,0,0,0,0,0,0,0,0
67,101,4.3,0,0,0,0,0,0,0,0,0,0,0,0
67,102,4.6,0,0,0,0,0,0,0,0,0,0,0,0
67,103,4.6,0,0,0,0,0,0,0,0,0,0,0,0
67,104,4.6,0,0,0,0,0,0,0,0,0,0,0,0
67,105,4.6,0,0,0,0,0,0,0,0,0,0,0,0
67,106,4.3,0,0,0,0,0,0,0,0,0,0,0,0
67,107,3.7,0,0,0,0,0,0,0,0,0,0,0,0
67,108,3.4,0,0,0,0,0,0,0,0,0,0,0,0
67,109,3.7,0,0,0,0,0,0,0,0,0,0,0,0
67,110,4.0,0,0,0,0,0,0,0,0,0,0,0,0
67,111,4.6,0,0,0,0,0,0,0,0,0,0,0,0
67,112,4.9,0,0,0,0,0,0,0,0,0,0,0,0
67,113,4.9,0,0,0,0,0,0,0,0,0,0,0,0
67,114,5.2,0,0,0,0,0,0,0,0,0,0,0,0
67,115,5.5,0,0,0,0,0,0,0,0,0,0,0,0
67,116,5.5,0,0,0,0,0,0,0,0,0,0,0,0
67,117,5.2,0,0,0,0,0,0,0,0,0,0,0,0
67,118,5.5,0,0,0,0,0,0,0,0,0,0,0,0
67,119,5.2,0,0,0,0,0,0,0,0,0,0,0,0
67,120,4.9,0,0,0,0,0,0,0,0,0,0,0,0
67,121,4.6,0,0,0,0,0,0,0,0,0,0,0,0
67,122,4.0,0,0,0,0,0,0,0,0,0,0,0,0
67,123,3.7,0,0,0,0,0,0,0,0,0,0,0,0
67,124,3.7,0,0,0,0,0,0,0,0,0,0,0,0
67,125,3.4,0,0,0,0,0,0,0,0,0,0,0,0
67,126,3.7,0,0,0,0,0,0,0,0,0,0,0,0
67,127,4.0,0,0,0,0,0,0,0,0,0,0,0,0
67,128,4.3,0,0,0,0,0,0,0,0,0,0,0,0
67,129,4.3,0,0,0,0,0,0,0,0,0,0,0,0
67,130,4.6,0,0,0,0,0,0,0,0,0,0,0,0
67,131,4.9,0,0,0,0,0,0,0,0,0,0,0,0
67,132,5.2,0,0,0,0,0,0,0,0,0,0,0,0
67,133,5.2,0,0,0,0,0,0,0,0,0,0,0,0
67,134,5.5,0,0,0,0,0,0,0,0,0,0,0,0
67,135,5.2,0,0,0,0,0,0,0,0,0,0,0,0
67,136,5.2,0,0,0,0,0,0,0,0,0,0,0,0
67,137,5.2,0,0,0,0,0,0,0,0,0,0,0,0
67,138,4.9,0,0,0,0,0,0,0,0,0,0,0,0
67,139,4.9,0,0,0,0,0,0,0,0,0,0,0,0
67,140,4.9,0,0,0,0,0,0,0,0,0,0,0,0
67,141,4.6,0,0,0,0,0,0,0,0,0,0,0,0
67,142,4.6,0,0,0,0,0,0,0,0,0,0,0,0
67,143,4.3,0,0,0,0,0,0,0,0,0,0,0,0
67,144,4.6,0,0,0,0,0,0,0,0,0,0,0,0
67,145,4.6,0,0,0,0,0,0,0,0,0,0,0,0
67,146,4.9,0,0,0,0,0,0,0,0,0,0,0,0
67,147,4.9,0,0,0,0,0,0,0,0,0,0,0,0
67,148,4.9,0,0,0,0,0,0,0,0,0,0,0,0
67,149,4.6,0,0,0,0,0,0,0,0,0,0,0,0
67,150,4.6,0,0,0,0,0,0,0,0,0,0,0,0
67,151,4.3,0,0,0,0,0,0,0,0,0,0,0,0
67,152,4.0,0,0,0,0,0,0,0,0,0,0,0,0
67,153,4.0,0,0,0,0,0,0,0,0,0,0,0,0
67,154,3.7,0,0,0,0,0,0,0,0,0,0,0,0
67,155,4.0,0,0,0,0,0,0,0,0,0,0,0,0
67,156,4.0,0,0,0,0,0,0,0,0,0,0,0,0
67,157,3.4,0,0,0,0,0,0,0,0,0,0,0,0
67,158,4.0,0,0,0,0,0,0,0,0,0,0,0,0
67,159,4.3,0,0,0,0,0,0,0,0,0,0,0,0
67,160,4.6,0,0,0,0,0,0,0,0,0,0,0,0
67,161,4.6,0,0,0,0,0,0,0,0,0,0,0,0
67,162,4.3,0,0,0,0,0,0,0,0,0,0,0,0
67,163,4.6,0,0,0,0,0,0,0,0,0,0,0,0
67,164,4.6,0,0,0,0,0,0,0,0,0,0,0,0
67,165,4.3,0,0,0,0,0,0,0,0,0,0,0,0
67,166,4.3,0,0,0,0,0,0,0,0,0,0,0,0
67,167,4.3,0,0,0,0,0,0,0,0,0,0,0,0
67,168,4.0,0,0,0,0,0,0,0,0,0,0,0,0
67,169,4.0,0,0,0,0,0,0,0,0,0,0,0,0
67,170,3.7,0,0,0,0,0,0,0,0,0,0,0,0
67,171,3.7,0,0,0,0,0,0,0,0,0,0,0,0
67,172,3.7,0,0,0,0,0,0,0,0,0,0,0,0
67,173,3.7,0,0,0,0,0,0,0,0,0,0,0,0
67,174,3.7,0,0,0,0,0,0,0,0,0,0,0,0
67,175,4.0,0,0,0,0,0,0,0,0,0,0,0,0
67,176,4.3,0,0,0,0,0,0,0,0,0,0,0,0
67,177,4.3,0,0,0,0,0,0,0,0,0,0,0,0
67,178,4.3,0,0,0,0,0,0,0,0,0,0,0,0
67,179,4.9,0,0,0,0,0,0,0,0,0,0,0,0
67,180,4.9,0,0,0,0,0,0,0,0,0,0,0,0
67,181,4.9,0,0,0,0,0,0,0,0,0,0,0,0
67,182,4.9,0,0,0,0,0,0,0,0,0,0,0,0
67,183,4.9,0,0,0,0,0,0,0,0,0,0,0,0
67,184,5.2,0,0,0,0,0,0,0,0,0,0,0,0
67,185,4.9,0,0,0,0,0,0,0,0,0,0,0,0
67,186,5.5,0,0,0,0,0,0,0,0,0,0,0,0
67,187,5.5,0,0,0,0,0,0,0,0,0,0,0,0
67,188,5.2,0,0,0,0,0,0,0,0,0,0,0,0
67,189,5.2,0,0,0,0,0,0,0,0,0,0,0,0
67,190,5.2,0,0,0,0,0,0,0,0,0,0,0,0
67,191,5.2,0,0,0,0,0,0,0,0,0,0,0,0
67,192,4.6,0,0,0,0,0,0,0,0,0,0,0,0
67,193,4.6,0,0,0,0,0,0,0,0,0,0,0,0
67,194,4.6,0,0,0,0,0,0,0,0,0,0,0,0
67,195,4.6,0,0,0,0,0,0,0,0,0,0,0,0
67,196,4.3,0,0,0,0,0,0,0,0,0,0,0,0
67,197,4.3,0,0,0,0,0,0,0,0,0,0,0,0
67,198,4.0,0,0,0,0,0,0,0,0,0,0,0,0
67,199,4.0,0,0,0,0,0,0,0,0,0,0,0,0
67,200,4.0,0,0,0,0,0,0,0,0,0,0,0,0
67,201,3.7,0,0,0,0,0,0,0,0,0,0,0,0
67,202,3.4,0,0,0,0,0,0,0,0,0,0,0,0
67,203,4.0,0,0,0,0,0,0,0,0,0,0,0,0
67,204,4.3,0,0,0,0,0,0,0,0,0,0,0,0
67,205,4.6,0,0,0,0,0,0,0,0,0,0,0,0
67,206,4.6,0,0,0,0,0,0,0,0,0,0,0,0
67,207,4.9,0,0,0,0,0,0,0,0,0,0,0,0
67,208,4.6,0,0,0,0,0,0,0,0,0,0,0,0
67,209,4.3,0,0,0,0,0,0,0,0,0,0,0,0
67,210,4.3,0,0,0,0,0,0,0,0,0,0,0,0
67,211,4.0,0,0,0,0,0,0,0,0,0,0,0,0
67,212,4.0,0,0,0,0,0,0,0,0,0,0,0,0
67,213,4.0,0,0,0,0,0,0,0,0,0,0,0,0
67,214,4.0,0,0,0,0,0,0,0,0,0,0,0,0
67,215,4.3,0,0,0,0,0,0,0,0,0,0,0,0
67,216,4.9,0,0,0,0,0,0,0,0,0,0,0,0
67,217,4.9,0,0,0,0,0,0,0,0,0,0,0,0
67,218,4.9,0,0,0,0,0,1,0,0,0,0,0,0
67,219,5.2,0,0,0,0,0,0,0,0,0,0,0,0
67,220,4.9,0,0,0,0,0,0,0,0,0,0,0,0
67,221,4.9,0,0,0,0,0,0,0,0,0,0,0,0
67,222,4.6,0,0,0,0,0,0,0,0,0,0,0,0
67,223,4.6,0,0,0,0,0,0,0,0,0,0,0,0
67,224,4.6,0,0,0,0,0,0,0,0,0,0,0,0
67,225,4.6,0,0,0,0,0,0,0,0,0,0,0,0
67,226,4.9,0,0,0,0,0,0,0,0,0,0,0,0
67,227,4.6,0,0,0,0,0,0,0,0,0,0,0,0
67,228,4.6,0,0,0,0,0,0,0,0,0,0,0,0
67,229,4.6,0,0,0,0,0,0,0,0,0,0,0,0
67,230,4.6,0,0,0,0,0,0,0,0,0,0,0,0
67,231,4.3,0,0,0,0,0,0,0,0,0,0,0,0
67,232,4.0,0,0,0,0,0,0,0,0,0,0,0,0
67,233,4.6,0,0,0,0,0,0,0,0,0,0,0,0
67,234,4.9,0,0,0,0,0,0,0,0,0,0,0,0
67,235,4.9,0,0,0,0,0,0,0,0,0,0,0,0
67,236,4.9,0,0,0,0,0,0,0,0,0,0,0,0
67,237,5.5,0,0,0,0,0,0,0,0,0,0,0,0
67,238,5.8,0,0,0,0,0,0,0,0,0,0,0,0
67,239,5.5,0,0,0,0,0,0,0,0,0,0,0,0
67,240,5.2,0,0,0,0,0,0,0,0,0,0,0,0
67,241,5.5,0,0,0,0,0,0,0,0,0,0,0,0
67,242,5.8,0,0,0,0,0,0,0,0,0,0,0,0
67,243,5.8,0,0,0,0,0,0,0,0,0,0,0,0
67,244,6.1,0,0,0,0,0,0,0,0,0,0,0,0
67,245,6.1,0,0,0,0,0,0,0,0,0,0,0,0
67,246,6.4,0,0,0,0,0,0,0,0,0,0,0,0
67,247,6.4,0,0,0,0,0,0,0,0,0,0,0,0
67,248,6.4,0,0,0,0,0,0,0,0,0,0,0,0
67,249,6.4,0,0,0,0,0,0,0,0,0,0,0,0
67,250,6.1,0,0,0,0,0,0,0,0,0,0,0,0
67,251,6.1,0,0,0,0,0,0,0,0,0,0,0,0
67,252,6.7,0,0,0,0,0,0,0,0,0,0,0,0
67,253,6.7,0,0,0,0,0,0,0,0,0,0,0,0
67,254,6.4,0,0,0,0,0,0,0,0,0,0,0,0
67,255,6.7,0,0,0,0,0,0,0,0,0,0,0,0
67,256,6.7,0,0,0,0,0,0,0,0,0,0,0,0
67,257,6.7,0,0,0,0,0,0,0,0,0,0,0,0
67,258,6.7,0,0,0,0,0,0,0,0,0,0,0,0
67,259,6.7,0,0,0,0,0,0,0,0,0,0,0,0
67,260,6.7,0,0,0,0,0,0,0,0,0,0,0,0
67,261,6.4,0,0,0,0,0,0,0,0,0,0,0,0
67,262,5.5,0,0,0,0,0,0,0,0,0,0,0,0
67,263,6.4,0,0,0,0,0,0,0,0,0,0,0,0
67,264,6.7,0,0,0,0,0,0,0,0,0,0,0,0
67,265,7.0,0,0,0,0,0,0,0,0,0,0,0,0
67,266,7.0,0,0,0,0,0,0,0,0,0,0,0,0
67,267,7.0,0,0,0,0,0,0,0,0,0,0,0,0
67,268,7.0,0,0,0,0,0,0,0,0,0,0,0,0
67,269,7.3,0,0,0,0,0,0,0,0,0,0,0,0
67,270,7.3,0,0,0,0,0,0,0,0,0,0,0,0
67,271,7.3,0,0,0,0,0,0,0,0,0,0,0,0
67,272,7.3,0,0,0,0,0,0,0,0,0,0,0,0
67,273,7.3,0,0,0,0,0,0,0,0,0,0,0,0
67,274,7.0,0,0,0,0,0,0,0,0,0,0,0,0
67,275,7.0,0,0,0,0,0,0,0,0,0,0,0,0
67,276,6.7,0,0,0,0,0,0,0,0,0,0,0,0
67,277,7.0,0,0,0,0,0,0,0,0,0,0,0,0
67,278,7.0,0,0,0,0,0,0,0,0,0,0,0,0
67,279,6.7,0,0,0,0,0,0,0,0,0,0,0,0
67,280,6.7,0,0,0,0,0,0,0,0,0,0,0,0
67,281,6.4,0,0,0,0,0,0,0,0,0,0,0,0
67,282,6.1,0,0,0,0,0,0,0,0,0,0,0,0
67,283,5.8,0,0,0,0,0,0,0,0,0,0,0,0
67,284,5.8,0,0,0,0,0,0,0,0,0,0,0,0
67,285,5.8,0,0,0,0,0,0,0,0,0,0,0,0
67,286,5.5,0,0,0,0,0,0,0,0,0,0,0,0
67,287,5.2,0,0,0,0,0,0,0,0,0,0,0,0
67,288,4.9,0,0,0,0,0,0,0,0,0,0,0,0
67,289,4.3,0,0,0,0,0,0,0,0,0,0,0,0
67,290,4.3,0,0,0,0,0,0,0,0,0,0,0,0
67,291,4.3,0,0,0,0,0,0,0,0,0,0,0,0
67,292,4.3,0,0,0,0,0,0,0,0,0,0,0,0
67,293,4.3,0,0,0,0,0,0,0,0,0,0,0,0
67,294,4.0,0,0,0,0,0,0,0,0,0,0,0,0
67,295,4.0,0,0,0,0,0,0,0,0,0,0,0,0
67,296,4.0,0,0,0,0,0,0,0,0,0,0,0,0
67,297,3.4,0,0,0,0,0,0,0,0,0,0,0,0
67,298,3.7,0,0,0,0,0,0,0,0,0,0,0,0
67,299,3.7,0,0,0,0,0,0,0,0,0,0,0,0
67,300,3.0,0,0,0,0,0,0,0,0,0,0,0,0
67,301,2.7,0,0,0,0,0,0,0,0,0,0,0,0
67,302,2.7,0,0,0,0,0,0,0,0,0,0,0,0
67,303,2.7,0,0,0,0,0,0,0,0,0,0,0,0
67,304,2.7,0,0,0,0,0,0,0,0,0,0,0,0
67,305,2.1,0,0,0,0,0,0,0,0,0,0,0,0
67,306,1.8,0,0,0,0,0,0,0,0,0,0,0,0
67,307,1.5,0,0,0,0,0,0,0,0,0,0,0,0
67,308,1.5,0,0,0,1,0,0,0,0,0,0,0,0
